1 8.44216 9.62756 5.85168 81.7035 3.89637 9.89875 J1
2 7.97751 5.60557 8.10234 88.1227 3.64174 185.92 J1
3 7.16216 8.6545 2.22258 70.3176 4.78424 189.938 J1
4 7.94233 7.49356 1.34939 81.6628 3.11281 184.768 J1
5 3.11182 9.59945 8.58346 79.9813 3.68525 349.408 J1
6 5.53747 8.05747 6.3507 82.54 5.94958 178.747 J1
7 1.83624 7.65948 2.30421 83.7548 4.43884 350.872 J1
8 3.28568 7.98039 1.43948 84.6155 3.84508 196.938 J1
9 7.76681 1.59674 7.11168 85.4341 4.9553 2.38976 J1
10 2.84481 5.76562 2.80115 83.1914 5.24629 358.201 J1
11 7.97167 6.6984 3.23291 85.5333 4.77496 177.872 J1
12 2.92282 4.32128 5.48168 87.6132 5.63322 188.18 J1
13 6.3396 9.61053 7.309 74.6876 3.66133 355.653 J1
14 4.79768 1.68576 5.68801 81.2246 8.12565 0.55629 J1
15 7.72099 8.56318 6.96092 89.0611 4.75294 183.84 J1
16 1.81552 6.70388 5.36415 80.2241 4.79217 169.63 J1
17 8.28844 5.7798 7.72107 78.979 3.72466 348.583 J1
18 7.37549 2.99127 3.96349 81.8426 4.49967 7.36063 J1
19 2.7473 8.40735 7.02006 81.3213 5.32734 4.10842 J1
20 7.30882 2.68475 3.28865 86.3404 5.42091 358.336 J1
21 2.06133 1.11028 7.79362 79.8598 4.00094 187.728 J1
22 6.51762 7.03003 7.66216 79.4444 5.41943 348.407 J1
23 1.3216 1.43328 7.62788 50.7511 3.31407 106.941 J2
24 5.38321 7.94745 3.24807 27.0865 5.4005 45.5962 J2
25 4.666 1.63255 7.85087 28.9412 3.87101 68.2211 J2
26 9.09131 1.26079 8.20368 39.9133 2.25676 59.5238 J2
27 2.13564 8.28151 6.74824 39.2176 3.44419 90.3598 J2
28 7.47195 2.28993 8.32834 33.0868 2.65966 74.2082 J2
29 2.69199 7.16688 6.64963 29.6699 2.25578 92.346 J2
30 0.885394 9.10294 4.99967 36.0211 1.80302 74.848 J2
31 8.49683 1.48377 9.62051 44.8216 1.20734 61.6221 J2
32 0.742997 8.44959 1.64021 40.926 2.33633 64.1935 J2
33 3.90062 6.49296 6.74014 29.7912 2.22638 77.4483 J2
34 9.28774 5.97537 7.24382 32.5752 1.99037 71.6887 J2
35 3.95008 2.38331 1.38966 42.9565 3.84493 85.8072 J2
36 4.65661 8.51483 4.85228 33.9685 3.29602 84.6965 J2
37 2.52625 3.89588 7.18974 24.1666 2.14952 81.598 J2
38 1.90933 9.26495 5.79529 27.9295 1.94537 67.2528 J2
39 0.998673 3.5589 1.23245 17.5844 2.41445 80.7234 J2
40 8.95622 7.28743 8.44875 35.0196 2.85847 59.7466 J2
41 5.41968 3.26081 6.36323 37.4356 2.46807 107.972 J2
42 7.73436 2.33122 4.32441 39.0471 2.76091 63.5078 J2
43 5.64887 6.04211 9.05639 50.8092 3.10637 74.2182 J2
44 5.56299 2.66192 3.00563 18.7366 2.48922 108.831 J2
45 6.21975 4.01182 8.15966 48.2066 4.5814 68.008 J2
46 2.16872 2.26394 4.09882 21.7324 1.69049 115.139 J2
47 1.15654 1.12054 6.61702 31.9095 2.63424 85.3645 J2
48 5.06036 6.66038 6.88663 17.8283 3.15148 67.8507 J2
49 8.48855 5.34966 8.92455 48.4943 3.37483 61.029 J2
50 1.52372 2.50896 3.70938 26.9059 4.16446 63.0623 J2
51 1.3626 7.75202 4.59979 28.5837 3.26951 95.3464 J2
